4223
5964
7268
7007
6332
5172
4389
4305
4634
4970
4882
5502
5698
5188
4715
4070
3834
3361
3125
3258
2925
2630
2506
2294
2417
2265
2198
2238
2237
2384
2260
2148
2084
2028
1879
1789
1677
1601
1502
1395
1372
1297
1296
1225
1122
1168
1105
1020
948
887
862
767
819
772
740
709
660
662
647
682
608
557
591
494
512
497
474
446
466
446
437
402
387
377
331
366
434
446
458
413
382
419
371
355
347
324
299
321
285
292
316
284
294
280
309
262
250
276
242
258
273
229
217
220
236
233
209
213
173
202
194
205
227
181
162
189
174
182
207
163
155
159
162
175
167
170
168
208
179
177
194
179
192
204
206
213
191
196
195
190
205
189
183
206
190
200
207
197
223
223
204
216
185
209
231
231
257
233
221
241
240
277
256
236
265
245
266
261
288
273
302
317
295
324
315
326
329
355
369
377
443
522
484
458
430
407
414
390
397
451
403
379
442
426
437
379
405
395
411
434
377
438
395
396
430
412
456
378
368
352
377
346
388
370
363
359
359
331
341
332
321
335
345
328
352
305
300
305
342
264
306
317
282
283
266
239
255
246
277
253
267
216
216
228
234
229
236
230
230
262
309
381
485
669
976
6078

1638
1259
2877
6198
8183
8779
8061
6770
5871
5965
6488
7244
6606
5480
4858
4483
4332
3557
3013
2724
2511
2232
2030
1989
1976
1831
2000
1924
1906
1981
2007
1983
1962
1900
1867
1792
1675
1656
1655
1487
1382
1269
1185
1172
1106
1086
1038
1013
940
938
881
901
791
767
719
695
674
648
614
618
567
553
511
560
511
533
464
478
429
438
381
415
401
390
376
424
431
392
414
397
404
384
360
363
307
308
337
327
291
311
300
299
294
273
235
243
232
244
236
237
203
232
200
168
221
206
183
187
189
184
177
168
203
196
193
171
181
204
163
169
174
179
179
171
154
166
178
186
188
200
179
193
196
209
203
223
181
216
191
189
207
227
202
200
206
221
202
230
222
219
229
220
220
212
227
248
247
261
243
265
224
255
269
320
273
299
296
285
313
335
336
281
293
321
352
366
330
356
373
385
395
441
466
447
491
503
466
462
441
425
406
423
429
388
429
428
443
408
461
431
424
409
388
399
358
361
407
381
357
383
356
337
320
322
341
317
332
297
309
296
307
283
284
281
298
279
284
250
272
248
238
275
287
260
245
268
217
233
209
201
237
213
190
232
172
163
204
185
227
229
258
330
374
463
946
5521

7698
6005
9091
10047
9943
9356
8437
8131
7337
7032
6033
4855
4027
3491
3199
2703
2406
2225
1933
1764
1638
1511
1437
1435
1333
1460
1417
1501
1532
1549
1578
1625
1657
1592
1620
1528
1535
1526
1438
1292
1323
1153
1122
1125
1008
978
986
936
992
865
874
831
830
790
791
720
678
654
658
574
587
517
525
548
510
501
475
460
440
427
436
368
401
363
351
373
390
419
440
395
401
335
338
347
343
306
308
304
321
316
313
315
299
302
275
252
279
229
253
244
243
219
216
232
206
235
242
218
213
213
218
195
224
235
201
211
220
216
208
204
214
234
219
237
236
232
268
323
231
260
232
248
239
226
229
264
257
263
238
232
203
252
249
240
269
239
283
243
251
291
284
241
284
261
269
270
267
273
279
261
275
255
295
275
269
306
258
299
288
342
284
264
298
294
328
330
299
312
333
365
296
365
370
350
354
396
423
446
452
433
431
371
391
360
378
363
349
361
384
345
344
337
347
324
329
350
344
334
319
317
293
288
276
298
277
272
238
298
233
267
253
235
253
260
210
229
227
246
245
216
215
221
189
192
204
163
207
168
175
201
203
197
180
186
182
178
189
183
188
167
213
258
222
355
718
4729
