3
10
18
26
33
39
44
49
54
60
66
72
78
84
90
94
99
102
106
110
113
116
119
121
124
127
129
132
134
137
140
142
144
147
149
151
153
155
156
158
160
161
163
164
165
167
168
169
170
171
172
173
174
175
176
176
177
178
179
179
180
181
181
182
182
183
184
184
185
185
186
186
187
187
187
188
188
189
189
190
190
191
191
191
192
192
193
193
193
194
194
194
195
195
195
196
196
196
196
197
197
197
198
198
198
198
199
199
199
199
199
200
200
200
200
201
201
201
201
201
202
202
202
202
202
202
203
203
203
203
203
204
204
204
204
205
205
205
205
205
206
206
206
206
207
207
207
207
207
208
208
208
208
209
209
209
209
210
210
210
211
211
211
211
212
212
212
213
213
213
214
214
214
215
215
215
216
216
217
217
217
218
219
219
220
220
221
221
221
222
222
223
223
224
224
225
225
226
226
227
227
228
228
228
229
229
230
230
231
231
231
232
232
233
233
234
234
234
235
235
235
236
236
237
237
237
238
238
238
239
239
239
240
240
240
241
241
241
241
242
242
242
243
243
243
243
244
244
244
244
245
245
246
247
248
255

0
2
5
12
21
31
40
48
55
62
69
77
85
91
96
102
106
110
114
117
120
122
125
127
129
131
134
136
138
140
143
145
147
149
151
153
155
157
159
161
162
164
165
166
168
169
170
171
172
173
174
175
176
177
178
179
179
180
181
182
182
183
183
184
185
185
186
186
187
187
188
188
189
189
190
190
191
191
191
192
192
193
193
194
194
194
195
195
195
196
196
196
197
197
197
198
198
198
198
199
199
199
199
200
200
200
200
201
201
201
201
201
202
202
202
202
202
203
203
203
203
203
204
204
204
204
204
205
205
205
205
205
206
206
206
206
207
207
207
207
207
208
208
208
208
209
209
209
209
210
210
210
210
211
211
211
211
212
212
212
213
213
213
214
214
214
215
215
215
216
216
216
217
217
217
218
218
219
219
219
220
220
221
221
222
223
223
224
224
225
225
226
226
226
227
227
228
228
229
229
230
230
231
231
232
232
233
233
233
234
234
235
235
235
236
236
236
237
237
237
238
238
238
239
239
239
240
240
240
241
241
241
241
242
242
242
243
243
243
243
244
244
244
244
244
245
245
245
245
246
246
246
247
247
248
255

7
14
24
36
47
58
67
77
85
93
100
105
110
114
117
120
123
126
128
130
132
134
135
137
138
140
142
143
145
147
149
150
152
154
156
158
159
161
163
164
166
167
168
170
171
172
173
174
175
176
177
178
179
180
181
182
183
183
184
185
185
186
187
187
188
188
189
189
190
190
191
191
192
192
193
193
193
194
194
195
195
196
196
196
197
197
197
198
198
199
199
199
200
200
200
201
201
201
201
202
202
202
202
203
203
203
203
204
204
204
204
205
205
205
205
206
206
206
206
207
207
207
207
208
208
208
208
209
209
209
210
210
210
210
211
211
211
211
212
212
212
213
213
213
213
214
214
214
215
215
215
215
216
216
216
217
217
217
218
218
218
219
219
219
219
220
220
220
221
221
221
222
222
222
223
223
224
224
224
225
225
225
226
226
227
227
228
228
229
229
230
230
230
231
231
232
232
232
233
233
234
234
234
235
235
236
236
236
237
237
237
238
238
238
239
239
239
240
240
240
241
241
241
241
242
242
242
242
243
243
243
243
244
244
244
244
244
245
245
245
245
246
246
246
246
246
247
247
247
247
247
248
248
248
249
255
